       327.381
       525.495
       448.565
       309.251
       515.491
       623.808
         526.9
       449.427
       660.825
       431.877
         418.5
       530.572
       595.729
       530.185
       540.259
       631.934
       305.132
       323.069
       273.209
       338.128
       382.658
       348.355
       435.712
       359.215
       387.322
       345.103
       323.385
       313.254
       430.129
       386.849
       390.335
       404.776
       565.191
       505.966
       566.626
       600.558
       616.984
       592.798
       623.676
       611.866
       579.657
       551.271
       584.348
       533.743
        590.55
       558.732
       566.971
       661.544
################
       261.236
       292.067
       295.626
       274.956
       349.162
       343.596
       441.697
       361.957
       322.666
       317.136
       235.157
       301.435
       474.262
       346.793
       399.921
       353.414
       461.892
       359.017
       304.998
       403.888
        409.71
       408.853
       372.966
       461.301
       364.633
       277.224
       377.915
       508.892
       478.218
       501.343
       504.814
       499.987
       505.489
       462.187
       574.521
       519.407
        562.73
        604.63
       510.899
       566.201
       473.667
       508.904
        591.77
       617.245
       547.189
       594.985
       568.456
       529.524
             0
             0
             0
             0
             0
             0
             0
             0
             0
             0
             0
             0
             0
             0
             0
             0
             0
             0
             0
             0
             0
             0
             0
             0
             0
             0
             0
################
       2.50797
       1.81824
       1.09154
      0.924871
      0.837902
      0.808144
      0.694118
      0.699108
      0.714856
      0.688546
      0.718846
       0.76817
      0.761656
      0.706787
      0.718208
      0.703924
      0.800759
      0.769984
      0.717916
      0.762935
      0.867997
      0.788258
       1.76461
       2.06662
       1.95529
       1.43207
       1.09948
      0.826602
      0.815423
      0.708612
      0.536864
      0.567441
       0.52885
      0.557012
      0.584555
      0.595533
      0.557559
      0.552544
      0.619037
      0.608536
      0.635201
      0.631553
      0.654324
       0.68788
      0.714243
      0.543393
      0.385377
       2.03039########

       1.72649
         1.814
       2.10545
       1.54199
       1.26709
        2.2724
       1.58023
        1.8842
       2.01329
       2.43142
       2.31319
       2.32783
       3.28542
       4.04913
       1.56846
      0.874685
      0.822153
      0.928812
       1.04932
      0.963677
       1.20266
       1.04904
       1.05596
       1.03063
        1.0405
       1.09464
       1.07163
       1.01888
       1.04601
         1.432
      0.637831
      0.824076
      0.786398
      0.761577
      0.713331
       1.20331
       1.51828
      0.758245
      0.645834
      0.773669
      0.734617
      0.613103
       0.70412
      0.669966
       0.90556
      0.693274
      0.786098
      0.735694
      0.565945
      0.472805
      0.384433
      0.394848
      0.393581
      0.443192
      0.477088
      0.445162
       0.48213
      0.355667
      0.422466
      0.630775
      0.488672
      0.925212
      0.562775
      0.418105
      0.468643
      0.451698
       0.64442
       0.43791
      0.783252
       0.92481
      0.803245
      0.856167
      0.538949
      0.854933
       0.29206
