       327.114
       525.503
       448.426
       308.972
       515.242
       623.567
       526.656
        449.35
        660.53
        431.74
       418.353
       530.389
       595.356
       530.001
       540.041
       631.807
       304.984
       322.978
       273.146
       338.084
       382.351
        347.99
        435.35
       359.025
       387.223
       344.968
       323.311
       313.299
       429.845
       386.702
       390.176
        404.57
       565.058
         505.7
       566.494
       600.349
       616.706
       592.552
       623.442
        611.54
       579.489
       551.064
       584.257
       533.595
       590.282
       558.543
       566.752
       661.199
################
        260.99
        291.94
       295.592
       274.918
           349
       343.347
       441.466
       361.653
       322.478
       317.068
       235.046
       301.398
       473.806
       346.452
       399.414
       353.332
       461.879
        358.92
       304.774
       403.656
       409.525
       408.568
       372.833
       461.038
        364.34
       277.073
       377.817
       508.169
       477.936
       501.115
       504.613
       499.874
       505.424
       461.996
       574.033
       519.168
       562.558
       604.372
       510.596
       565.972
       473.536
       508.697
       591.432
       616.969
       547.072
       594.848
       568.426
       529.451
       512.984
       612.999
       659.442
       618.837
       646.595
       562.448
       473.569
       550.307
       493.425
       683.438
       670.293
       617.182
       370.636
       302.991
       251.466
       258.007
       389.748
       436.917
       457.533
       494.683
       283.274
       253.082
       242.173
       249.493
       475.293
       356.396
       374.133
################
       1.51892
       1.26736
       1.30312
         1.447
       1.12619
       1.61419
       1.64374
       2.20168
       1.83023
       1.62478
       1.16429
       1.51189
       1.80955
       1.08204
       1.23146
       1.75799
      0.263355
      0.378297
       1.02978
     0.0576868
      0.804554
      0.868444
      0.104213
      0.727786
     -0.242255
      0.596975
      0.508762
       0.21289
      0.728806
       1.36199
       1.40812
       1.56806
       1.62247
       1.43194########

      0.378968
      0.865998
       1.02315
      0.455632
      0.823874
       1.03361
      0.920451
      0.961933
       1.57252
       1.10064
       1.18214
      0.695117
      0.363332
     -0.253098
      0.871123
      0.530018
      0.709849
      0.617634
       0.38332
      0.666534
      0.716221
      0.604002
      0.773483
      0.592841
        1.1881
      0.975119
       1.16426
      0.803001
       2.02336
      0.867121
      0.658904
      0.729448
      0.593696
      0.940606
      0.522767
       1.50845
      0.679327
        0.7431
      0.698691
       1.14058
       0.77468
       1.18009
      0.841285
       2.09391
      0.805991
       1.01274
      0.973446
      0.732575
      0.131754
      0.353368
       1.09264
       1.08947
       1.15844
        1.0915
      0.904812
       0.73511
      0.764146
      0.819467
       2.52133
