       330.914
       528.624
       452.267
       313.339
       518.881
       627.174
       530.855
       453.249
       663.236
       435.037
       421.798
       534.536
       598.085
       532.463
       544.221
       635.159
       309.357
       326.517
       277.453
       342.117
       387.153
       353.105
       440.108
       362.886
       391.362
       348.736
       326.926
       316.189
       434.631
       391.041
        394.47
       409.097
        566.94
       508.943
        568.93
       603.952
       620.031
        596.34
       627.222
       615.998
        582.84
       553.927
       587.022
       536.476
       592.794
       562.118
       569.844
       664.641
################
         265.7
       295.767
       299.428
       278.631
       353.678
       347.797
       445.505
       365.743
       327.426
       321.099
       239.134
       305.168
       477.745
       351.994
       403.837
       357.186
       465.387
       363.088
       308.832
        408.35
       414.698
       412.879
       377.041
        465.12
       369.039
       281.111
       382.178
       512.014
       481.317
       504.798
       508.394
       503.082
       508.902
       466.811
       578.042
        523.43
       608.897
        566.86
       514.005
       569.291
       476.303
       512.731
       593.842
       619.998
       550.604
       597.279
       571.187
       532.476
       515.561
       617.144
       663.162
       622.504
       650.373
       565.418
       476.726
       553.703
        496.44
       685.614
       673.517
       621.037
       374.259
       307.137
       255.239
        261.03
       394.297
       441.376
       462.039
       499.244
       286.688
       257.329
       246.164
        253.38
       481.673
       360.898
       378.893
################
       3.95483
       1.41473
       1.09079
      0.976944
       0.92009
      0.979577
      0.848493
      0.861877
      0.886108
      0.850465
      0.853746
      0.897135
      0.885181
       0.82108
      0.888126
       0.86543
      0.924364
      0.899487
      0.814247
      0.842911
      0.952376
      0.902046
      0.835239
       8.25551
       2.56466
        1.3111
       1.12585
      0.960464
      0.905132
      0.940625
       0.91469
       0.89921
      0.803573
      0.763462
      0.810175
      0.817329
      0.748103
        0.7485
      0.847412
      0.839266
      0.874121
      0.857717
      0.888006
      0.926102
      0.959765
      0.885009
      0.570803
       3.50702########

       1.41416
       2.74712
       2.71302
       1.56098
       1.73453
       2.83442
       2.86884
       2.27301
       1.32157
       1.85094
       4.76269
       4.56214
      0.662437
       153.292
       43.1785
      0.605386
      0.605817
      0.688419
      0.762137
      0.689172
       0.83931
      0.746868
      0.771495
      0.747106
       0.76226
      0.810843
       0.76498
      0.711155
       0.71012
       1.51114
       0.51427
      0.624231
      0.700305
      0.753929
      0.799913
      0.802611
      0.858144
      0.820803
      0.679113
      0.802849
      0.765538
      0.641253
      0.733197
      0.731587
       1.46693
         0.557
      0.644283
       0.70489
      0.603208
      0.735723
      0.802857
      0.748774
      0.830816
      0.806206
      0.839708
      0.789999
      0.823098
      0.713623
      0.686186
       1.20233
       1.55577
        1.2811
       2.67946
       1.01665
      0.703021
      0.521015
      0.674939
       1.05086
      0.648135
       1.48195
       1.24367
       1.49852
       5.78528
       5.67393
       9.92495
