       327.189
       525.449
       448.493
       309.139
       515.336
       623.637
       526.762
       449.417
       660.633
       431.789
       418.458
       530.502
       595.499
       530.077
        540.14
       631.894
       305.055
       323.028
       273.202
       338.147
       382.488
       348.116
       435.468
       359.139
       387.251
       345.067
       323.368
       313.336
       429.983
       386.807
       390.265
       404.705
       565.114
       505.807
       566.554
       600.437
       616.832
       592.651
       623.539
       611.689
       579.596
       551.175
       584.292
       533.684
        590.37
       558.628
       566.821
       661.352
################
       261.069
       291.985
       295.604
       274.926
       349.044
       343.427
       441.516
        361.78
       322.527
       317.086
       235.076
       301.395
       473.894
       346.556
       399.614
        353.33
       461.865
       358.933
       304.799
       403.683
       409.532
       408.642
       372.852
       461.125
       364.414
       277.118
       377.837
       508.353
       478.036
       501.198
       504.651
       499.893
       505.442
        462.04
       574.143
       519.252
       562.619
       604.465
       510.682
       566.048
        473.57
       508.734
       591.539
       617.056
       547.085
       594.906
        568.48
       529.516
       513.007
       613.127
       659.606
       618.925
       646.828
       562.447
       473.623
        550.39
       493.455
       683.522
       670.384
       617.274
       370.589
       302.961
       251.416
       257.949
       389.751
       436.974
       457.573
       494.818
       283.198
        253.06
       242.141
       249.508
       475.403
       356.427
         374.2
################
       9.69307
       1.39794
       1.00314
      0.706229
      0.872039
       1.02763
      0.672108
      0.932095
       1.03726
      0.691142
      0.947006
        1.0441
      0.725453
       0.94154
      0.976221
      0.644924
       1.06988
       1.09723
      0.677144
      0.930637
       1.12869
      0.658046
        2.0863
       2.15496
     
       10.5487
       1.40151
       1.08997
      0.533756
      0.922254
        1.0832
      0.715878
      0.995213
       1.02063
      0.736417
      0.958666
      0.992983
      0.658066
      0.912313
       1.04853
      0.739452
       1.05018
       1.08597
      0.853644
       1.01137
       1.20534
      0.745847
       1.42966
       2.65301
#############################
       15.7305
       4.31128
       5.26171
         3.883
      0.953814
       10.8633
       1.05564
       123.542
       1.22437
       13.3456
       16.7739
       47.1533
       2.55919
       4.11666
        51.559

       1.58729
      0.936329
      0.873494
       1.00067
      0.809046
       1.08423
      0.871595
      0.985717
      0.866564
      0.990626
      0.908406
      0.991529
      0.853192
      0.968695
       1.04058

      0.913832
       1.10022
       1.13791
       1.17957
       1.22612
       1.93466
       2.45665
       1.21871
       1.01349
       1.23776
       1.14108
      0.962116
       1.13281
       1.14177
      0.846487

       1.12984
       1.03409
      0.922624
      0.795674
      0.839777
      0.957805
      0.818646
       1.01423
      0.905002
       1.01228
      0.856651
      0.964009
      0.816552
       0.87678
      0.380615

       1.36955
       3.06513
       2.21556
       2.09936
       1.55979
        2.6211
       1.77494
        3.5742
       2.11356
       2.62367
       2.57948
       4.49282
       2.68422
       1.69305
       4.40604
