       327.381
       525.495
       448.565
       309.251
       515.491
       623.808
         526.9
       449.427
       660.825
       431.877
         418.5
       530.572
       595.729
       530.185
       540.259
       631.934
       305.132
       323.069
       273.209
       338.128
       382.658
       348.355
       435.712
       359.215
       387.322
       345.103
       323.385
       313.254
       430.129
       386.849
       390.335
       404.776
       565.191
       505.966
       566.626
       600.558
       616.984
       592.798
       623.676
       611.866
       579.657
       551.271
       584.348
       533.743
        590.55
       558.732
       566.971
       661.544
