       261.236
       292.067
       295.626
       274.956
       349.162
       343.596
       441.697
       361.957
       322.666
       317.136
       235.157
       301.435
       474.262
       346.793
       399.921
       353.414
       461.892
       359.017
       304.998
       403.888
        409.71
       408.853
       372.966
       461.301
       364.633
       277.224
       377.915
       508.892
       478.218
       501.343
       504.814
       499.987
       505.489
       462.187
       574.521
       519.407
        562.73
        604.63
       510.899
       566.201
       473.667
       508.904
        591.77
       617.245
       547.189
       594.985
       568.456
       529.524
       512.955
        613.24
       659.794
       619.047
       647.124
       562.452
       473.657
       550.399
       493.397
       683.647
       670.436
       617.357
       370.585
       302.959
       251.362
        257.85
        389.86
        437.14
       457.732
       495.161
       283.108
       253.027
       242.061
       249.509
       475.627
       356.464
       374.286
