#    Ped     gain       
0    4416.29   21.7    
1    5941.13   22.0    
2    5437.01   22.5    
3    5439.46   22.2    
4    5491.57   20.3    
5    6589.26   19.8    
6    5294.37   19.5    
7    4758.07   21.6    
8    5806.53   20.6    
9    5295.60   18.1    
10   6195.73   22.1    
11   6674.53   22.9    
12   6053.17   22.2    
13   6688.51   22.1    
14   5333.08   20.0    
15   5465.64   22.0    
#    gain 
0    1.13772 
1    1.20633 
2    1.13297 
3    1.11244 
4    1.06399 
5    1.06016 
6    0.98751 
7    0.94148 
8    0.94724 
9    1.05258 
10   1.02431 
11   1.02410 
12   1.02313 
13   1.01601 
14   1.01612 
15   1.01303 
#    Ped     gain       
