#    Ped     ped width   
0    4437.99   19.6    
1    5950.50   18.8    
2    5413.90   19.9    
3    5450.57   19.7    
4    5521.92   18.3    
5    6614.70   18.5    
6    5316.03   17.5    
7    4781.24   20.2    
8    5794.94   19.5    
9    5324.45   17.1    
10   6232.13   19.7    
11   6714.04   22.0    
12   6079.26   19.8    
13   6704.43   19.5    
14   5337.08   18.4    
15   5458.90   19.2    
#    gain 
0    -2.75469
1    -0.68727
2    -0.49216
3    -2.21096
4    -1.36067
5    -2.08759
6    -1.97863
7    -3.88223
8    -1.26268
9    -2.41841
10   -3.46118
11   -2.55119
12   -6.54853
13   -3.21989
14   4.76963 
15   2.87771 
0    4595.48   19.0    
1    5979.68   17.8    
2    4141.49   19.9    
3    4514.50   18.8    
4    6779.49   20.6    
5    6184.61   17.1    
6    4271.57   19.9    
7    5099.96   18.0    
8    5976.53   19.0    
9    5266.03   17.3    
10   5751.06   18.7    
11   4343.40   18.3    
12   6696.75   20.3    
13   5789.15   20.0    
14   5594.55   19.3    
15   5043.71   19.5    
#    gain 
0    1.83913 
1    -2.23920
2    -1.75412
3    -2.26558
4    -2.74934
5    -2.49703
6    -1.04500
7    -3.86958
8    -3.40566
9    -1.84855
10   -1.86987
11   -1.88433
12   -4.57841
13   -7.45054
14   2.66369 
15   -17.23489
