#    Ped     ped width   
0    3721.12   19.5    
1    4253.09   20.7    
2    1713.82   20.8    
3    4737.17   19.8    
4    5421.36   18.2    
5    3057.84   18.5    
6    3534.34   17.2    
7    2903.05   18.4    
8    3679.13   19.3    
9    5485.11   17.2    
10   3679.55   19.0    
11   3217.23   21.1    
12   4093.73   18.9    
13   2642.75   19.9    
14   3803.60   19.5    
15   3271.24   18.4    
#    gain 
0    1.17405
1    1.17405 
2    1.05525 
3    1.08109 
4    1.09087 
5    1.01501 
6    0.98950 
7    1.12398 
8    1.01355 
9    1.03444 
10   0.97995 
11   0.97869 
12   1.40122 
13   1.15663 
14   1.16937 
15   1.05472 
0    4438.05   19.1    
1    4611.35   18.8    
2    3315.83   19.6    
3    2980.51   20.9    
4    3718.66   18.9    
5    4411.48   18.4    
6    4010.73   18.9    
7    3498.99   18.7    
8    2890.12   20.2    
9    5117.62   21.2    
10   2993.03   19.3    
11   3516.15   16.8    
12   2861.65   18.7    
13   5411.79   19.2    
14   4585.72   18.6    
15   2716.61   18.6    
#    gain 
0    1.11098
1    1.11098 
2    1.05512 
3    1.04718 
4    1.04030 
5    1.03985 
6    1.10023 
7    1.05011 
8    1.00530 
9    1.02125 
10   0.98020 
11   1.03592 
12   1.07115 
13   1.00680 
14   1.07568 
15   1.05327 
------------------------------
#    Ped     ped width   
0    3718.07   19.5    
1    4255.06   20.6    
2    1703.50   20.3    
3    4728.96   19.7    
4    5432.69   18.4    
5    3061.96   18.1    
6    3545.18   17.9    
7    2907.65   18.9    
8    3687.76   20.1    
9    5476.90   16.9    
10   3689.44   20.1    
11   3187.26   20.3    
12   4074.02   19.6    
13   2666.29   19.8    
14   3766.47   18.8    
15   3240.46   18.7    
#    gain 
0    384.73212
1    1.15319 
2    1.02350 
3    1.05772 
4    1.06828 
5    0.99784 
6    0.97558 
7    1.11076 
8    1.00919 
9    1.02548 
10   0.97480 
11   0.97384 
12   1.40146 
13   1.15604 
14   1.15747 
15   1.05614 
0    4431.54   18.8    
1    4612.82   18.7    
2    3304.24   20.1    
3    2981.35   20.4    
4    3732.83   18.7    
5    4407.79   18.2    
6    4001.91   18.9    
7    3508.41   18.3    
8    2889.95   19.2    
9    5120.46   21.0    
10   3009.75   19.3    
11   3498.21   18.1    
12   2836.29   18.7    
13   5442.91   18.9    
14   4578.16   18.4    
15   2716.45   18.5    
#    gain 
0    441.13004
1    1.12984 
2    1.07868 
3    1.07294 
4    1.06256 
5    1.06312 
6    1.11790 
7    1.05816 
8    1.01945 
9    1.03654 
10   0.99161 
11   1.05069 
12   1.08024 
13   1.01345 
14   1.07631 
15   1.06054 
#    Ped     ped width   
0    3721.12   19.5    
1    4253.09   20.7    
2    1713.82   20.8    
3    4737.17   19.8    
4    5421.36   18.2    
5    3057.84   18.5    
6    3534.34   17.2    
7    2903.05   18.4    
8    3679.13   19.3    
9    5485.11   17.2    
10   3679.55   19.0    
11   3217.23   21.1    
12   4093.73   18.9    
13   2642.75   19.9    
14   3803.60   19.5    
15   3271.24   18.4    
#    gain 
0    1.18188 
1    1.15884 
2    1.03271 
3    1.07257 
4    1.08694 
5    1.01458 
6    0.98488 
7    1.11851 
8    1.01313 
9    1.02917 
10   0.97630 
11   0.97259 
12   1.36974 
13   1.15542 
14   1.16111 
15   1.04524 
0    4438.05   19.1    
1    4611.35   18.8    
2    3315.83   19.6    
3    2980.51   20.9    
4    3718.66   18.9    
5    4411.48   18.4    
6    4010.73   18.9    
7    3498.99   18.7    
8    2890.12   20.2    
9    5117.62   21.2    
10   2993.03   19.3    
11   3516.15   16.8    
12   2861.65   18.7    
13   5411.79   19.2    
14   4585.72   18.6    
15   2716.61   18.6    
#    gain 
0    1.14291 
1    1.11050 
2    1.05226 
3    1.03761 
4    1.02985 
5    1.03464 
6    1.09162 
7    1.03587 
8    0.98680 
9    1.00480 
10   0.96618 
11   1.03356 
12   1.06264 
13   1.00036 
14   1.06728 
15   1.04548 
#    Ped     ped width   
0    3721.12   19.5    
1    4253.09   20.7    
2    1713.82   20.8    
3    4737.17   19.8    
4    5421.36   18.2    
5    3057.84   18.5    
6    3534.34   17.2    
7    2903.05   18.4    
8    3679.13   19.3    
9    5485.11   17.2    
10   3679.55   19.0    
11   3217.23   21.1    
12   4093.73   18.9    
13   2642.75   19.9    
14   3803.60   19.5    
15   3271.24   18.4    
#    gain 
0    1.31247 
1    1.18627 
2    1.06589 
3    1.08716 
4    1.09950 
5    1.02275 
6    0.99768 
7    1.13377 
8    1.02127 
9    1.04015 
10   0.98461 
11   0.98470 
12   1.40116 
13   1.16840 
14   1.17741 
15   1.06159 
0    4438.05   19.1    
1    4611.35   18.8    
2    3315.83   19.6    
3    2980.51   20.9    
4    3718.66   18.9    
5    4411.48   18.4    
6    4010.73   18.9    
7    3498.99   18.7    
8    2890.12   20.2    
9    5117.62   21.2    
10   2993.03   19.3    
11   3516.15   16.8    
12   2861.65   18.7    
13   5411.79   19.2    
14   4585.72   18.6    
15   2716.61   18.6    
#    gain 
0    1.31141 
1    1.12635 
2    1.06295 
3    1.05693 
4    1.04621 
5    1.04639 
6    1.10860 
7    1.05441 
8    1.00797 
9    1.02741 
10   0.98160 
11   1.04421 
12   1.07590 
13   1.01244 
14   1.07844 
15   1.06646 
