#    Ped     gain       
0    5831.76   29.9    
1    5745.19   29.0    
2    6366.30   27.3    
3    3814.02   28.6    
4    6257.37   26.7    
5    4082.45   36.8    
6    5622.96   38.1    
7    3709.06   38.5    
8    5998.15   36.6    
9    4944.78   42.0    
#    gain 
0    0.94745 
1    0.90151 
2    0.90986 
3    0.89472 
4    0.84190 
5    0.76139 
6    1.07075 
7    0.89722 
8    1.02465 
9    1.08101 
#    Ped     gain       
0    486.57   1.09011 
1    445.06   1.06418 
2    478.40   1.00166 
3    464.67   1.00000 
4    585.32   0.92724 
5    558.35   0.84192 
6    581.17   1.15881 
7    513.26   0.97858 
8    520.35   1.14988 
9    492.49   1.21713 
