#    Ped     gain       
0    6837.14   25.8    
1    6870.23   27.0    
2    6669.08   26.7    
3    6997.02   28.4    
4    6437.37   27.8    
5    6511.46   28.7    
6    6493.09   28.8    
7    7180.08   27.6    
8    7072.46   29.6    
9    5986.89   31.5    
#    gain 
0    0.91407 
1    0.74204 
2    0.94843 
3    0.98531 
4    1.01616 
5    0.96522 
6    0.94753 
7    0.97460 
8    1.00309 
9    0.98409 
#    Ped     gain       
0    440.57   1.20689 
1    383.65   0.81405 
2    350.90   1.06847 
3    487.60   1.12820 
4    553.71   1.16841 
5    552.59   1.04030 
6    559.19   1.11288 
7    485.30   1.08195 
8    232.88   1.13724 
9    470.42   1.10191 
