0  0.313789
1  0.19579
2  0.011559
3  0.0368795
4  0.0371906
5  0.0636348
6  0.043758
7  0.052244
8  0.0284371
9  0.0986665
-----------PMT 5 main fired
0  0.111111
1  0.125
2  0.53125
3  0.5
4  0.684647
5  0.853211
6  0.0735849
7  0.00928893
8  0.850508
9  0.680906
___________________________________
Using cut to calculate
0  0.042236
1  0.0283857
2  0.00901764
3  0.0464552
4  0.0486254
5  0.082634
6  0.0552493
7  0.0707868
8  0.0212717
9  0.033785
-----------PMT 5 main fired
0  0.042236
1  0.0283857
2  0.00901764
3  0.0464552
4  0.0486254
5  0.082634
6  0.0552493
7  0.0707868
8  0.0212717
9  0.033785

0  0.042236
1  0.0283857
2  0.00901764
3  0.0464552
4  0.0486254
5  0.082634
6  0.0552493
7  0.0707868
8  0.0212717
9  0.033785
-----------PMT 5 main fired
0  0.555556
1  0.242424
2  0.611765
3  0.243679
4  0.0571995
5  0.000146933
6  0.230986
7  0.17271
8  1.09524
9  2.22222
